0.007999897003173828
0.00500035285949707
0.004999637603759766
0.003999471664428711
0.005002260208129883
0.004997968673706055
0.004001617431640625
0.0049991607666015625
0.004999399185180664
0.005004405975341797
0.00403141975402832
0.006004810333251953
0.003997325897216797
0.0039997100830078125
0.003996133804321289
0.005000114440917969
0.004002094268798828
0.004010677337646484
0.003989458084106445
0.0039997100830078125
0.003965139389038086
0.005000114440917969
0.00400090217590332
0.0052945613861083984
0.00403141975402832
0.00490260124206543
0.003966093063354492
0.005031585693359375
0.004001140594482422
0.0039980411529541016
0.005010366439819336
0.004034280776977539
0.004969358444213867
0.004029512405395508
0.004729509353637695
0.003548860549926758
0.004041433334350586
0.003945350646972656
0.0050048828125
0.0039615631103515625
0.004001140594482422
0.0040318965911865234
0.004045963287353516
0.003997802734375
0.003999471664428711
0.004011869430541992
0.003990888595581055
0.004042863845825195
0.003999948501586914
0.0040018558502197266
0.004004001617431641
0.0039942264556884766
0.0030384063720703125
0.003997325897216797
0.005002021789550781
0.003996610641479492
0.004000186920166016
0.003998994827270508
0.003966808319091797
0.00599980354309082
0.004000186920166016
0.00500035285949707
0.003998517990112305
0.003920316696166992
0.003998517990112305
0.004000663757324219
0.00500035285949707
0.00400090217590332
0.003939628601074219
0.003998756408691406
0.0060155391693115234
0.004000425338745117
0.005998373031616211
0.005001068115234375
0.00504302978515625
0.0049898624420166016
0.0049664974212646484
0.005002737045288086
0.0038666725158691406
0.003998517990112305
0.0059947967529296875
0.005034208297729492
0.0039637088775634766
0.005044698715209961
0.005861043930053711
0.004026889801025391
0.004972696304321289
0.004996061325073242
0.004052400588989258
0.004992961883544922
0.005038261413574219
0.003962278366088867
0.004999876022338867
0.0040073394775390625
0.005000591278076172
0.004999637603759766
0.004000186920166016
0.006001710891723633
0.004998922348022461
0.003999948501586914
0.0049991607666015625
0.007003307342529297
0.0059969425201416016
0.006002902984619141
0.005998373031616211
0.003998994827270508
0.006002187728881836
0.004997730255126953
0.004000186920166016
0.0039997100830078125
0.007002830505371094
0.004997730255126953
0.003999471664428711
0.00700068473815918
0.0039997100830078125
0.004999876022338867
0.005001544952392578
0.004998683929443359
0.003999471664428711
0.003999948501586914
0.0060002803802490234
0.0039997100830078125
0.004000663757324219
0.005002260208129883
0.0049974918365478516
0.004999399185180664
0.004000186920166016
0.005000114440917969
0.003999948501586914
0.0050013065338134766
0.0050008296966552734
0.0049991607666015625
0.003998756408691406
0.004034280776977539
0.0050029754638671875
0.004963397979736328
0.00400090217590332
0.004000186920166016
0.006001949310302734
0.004999399185180664
0.004000425338745117
0.005002021789550781
0.00501704216003418
0.005998849868774414
0.00599980354309082
0.0040013790130615234
0.004016399383544922
0.004000186920166016
0.005003213882446289
0.0049970149993896484
0.0040149688720703125
0.003998994827270508
0.005021810531616211
0.0049970149993896484
0.005000114440917969
0.004998445510864258
0.004000663757324219
0.0040166378021240234
0.003998994827270508
0.00600123405456543
0.003999948501586914
0.004013776779174805
0.0039997100830078125
0.006001949310302734
0.003999233245849609
0.005014181137084961
0.00500035285949707
0.0060007572174072266
0.003996849060058594
0.00400090217590332
0.004999876022338867
0.003999233245849609
0.0050160884857177734
0.004998207092285156
0.0050394535064697266
0.0039937496185302734
0.005021810531616211
0.004994630813598633
0.003943204879760742
0.003965139389038086
0.0052301883697509766
0.0039899349212646484
0.004017353057861328
0.003923654556274414
0.005034208297729492
0.004012584686279297
0.003997802734375
0.004956960678100586
0.005999088287353516
0.004008769989013672
0.003999233245849609
0.003950357437133789
0.003996610641479492
0.00400090217590332
0.004987478256225586
0.0040018558502197266
0.0041179656982421875
0.0040013790130615234
0.004909515380859375
0.004995584487915039
0.0040438175201416016
0.003995656967163086
0.003999948501586914
0.004973173141479492
0.003998517990112305
0.004010677337646484
0.003999233245849609
0.005012989044189453
0.003943204879760742
0.003998279571533203
0.0039958953857421875
0.0040035247802734375
0.0050885677337646484
0.003968000411987305
0.004003286361694336
0.005040407180786133
0.003969430923461914
0.0050427913665771484
0.00503849983215332
0.0049953460693359375
0.004964590072631836
0.003793001174926758
0.006000041961669922
0.0050013065338134766
0.003999471664428711
0.005043745040893555
0.004997730255126953
0.004084110260009766
0.0039980411529541016
0.005017518997192383
0.0040760040283203125
0.0039980411529541016
0.0040166378021240234
0.005036354064941406
0.005053043365478516
0.004001617431640625
0.004601240158081055
0.004033565521240234
0.003999471664428711
0.004047870635986328
0.004997968673706055
0.0040225982666015625
0.004001617431640625
0.003032207489013672
0.005440711975097656
0.0039975643157958984
0.0047228336334228516
0.004002809524536133
0.004964351654052734
0.004998683929443359
0.004064321517944336
0.0049991607666015625
0.004769325256347656
0.0039691925048828125
0.00406646728515625
0.005056142807006836
0.003998279571533203
0.004091501235961914
0.00496983528137207
0.005014181137084961
0.004039287567138672
0.004038572311401367
0.0049779415130615234
0.004048824310302734
0.004032611846923828
0.005002498626708984
0.004052639007568359
0.004033803939819336
0.00457453727722168
0.004023075103759766
0.00500035285949707
0.004124879837036133
0.00396418571472168
0.004667043685913086
0.004014730453491211
0.004155397415161133
0.004002809524536133
0.004554033279418945
0.004572629928588867
0.003995180130004883
0.005045652389526367
0.004966020584106445
0.004202365875244141
0.004998922348022461
0.003186941146850586
0.0049288272857666016
0.004671573638916016
0.004038095474243164
0.004000186920166016
0.005045413970947266
0.005003929138183594
0.004040718078613281
0.003999233245849609
0.004204511642456055
0.004002094268798828
0.0039975643157958984
0.004010438919067383
0.005034685134887695
0.004052162170410156
0.003995418548583984
0.003996849060058594
0.005046844482421875
0.003998517990112305
0.004044055938720703
0.003999471664428711
0.004003047943115234
0.004003286361694336
0.003992319107055664
0.004044294357299805
0.004998922348022461
0.003939628601074219
0.0040318965911865234
0.004002094268798828
0.0040471553802490234
0.003996133804321289
0.004045724868774414
0.004002094268798828
0.004001140594482422
0.004041433334350586
0.003999948501586914
0.0040435791015625
0.0040035247802734375
0.003996372222900391
0.004080772399902344
0.004004001617431641
0.004961729049682617
0.00403594970703125
0.00299835205078125
0.005012989044189453
0.005030393600463867
0.004000425338745117
0.004000186920166016
0.004045009613037109
0.004006862640380859
0.0039899349212646484
0.003957986831665039
0.004003047943115234
0.0039997100830078125
0.003996849060058594
0.004000425338745117
0.004050731658935547
0.003963947296142578
0.004038333892822266
0.003995180130004883
0.004002571105957031
0.004870414733886719
0.004035234451293945
0.003999233245849609
0.0039975643157958984
0.004049777984619141
0.004030466079711914
0.003998517990112305
0.0031545162200927734
0.004002571105957031
0.0049970149993896484
0.004001140594482422
0.003998994827270508
0.0030570030212402344
0.004967212677001953
0.00403285026550293
0.004001617431640625
0.00400233268737793
0.0040454864501953125
0.0029997825622558594
0.004052639007568359